DSM_book/data/HV_dem100.asc
NCOLS 169 
NROWS 215 
XLLCORNER 334459.8 
YLLCORNER 6362590.5 
CELLSIZE 100 
NODATA_value -9999 
[rows 54 to 80 of 215, columns 61 to 121 of 169]
46.750973 46.252853 45.262791 44.380249 44.311798 46.678173 48.469742 47.480484 44.36974 42.380413 44.337139 45.699512 48.972195 49.798088 47.791546 45.319668 42.240143 39.560543 44.253769 48.527985 49.976181 49.651348 46.618793 43.050182 38.55711 40.862709 43.544464 46.096607 48.079872 51.381062 52.260315 56.085697 61.165653 67.022011 73.626549 79.741364 80.19352 78.599686 80.644356 79.064957 70.689926 64.907669 61.576504 60.560875 62.424908 64.796326 66.935448 68.918816 72.129135 79.744728 85.898087 95.503975 111.701393 138.884521 149.285736 128.499222 110.971039 106.316566 103.002869 101.943199 101.760536
47.952614 46.573921 45.557316 46.164173 47.643528 51.399242 53.901234 52.38739 49.351357 43.738556 40.637939 41.040501 42.862358 44.321774 44.435894 43.985744 41.755806 39.557007 45.314846 51.290638 51.24979 48.673473 45.949806 42.927677 38.00621 39.771999 40.952808 41.392143 41.8839 43.42271 42.488354 48.270641 54.001225 58.231796 65.548569 77.004753 84.840561 85.453171 82.635216 76.139069 66.357262 59.28064 57.225391 58.929718 63.491112 69.76252 69.979706 69.409981 75.27774 79.417191 82.244286 89.961884 101.455086 130.343369 141.352356 112.253578 94.514709 89.803741 89.73793 88.431702 92.250694
48.719669 46.657448 46.881817 49.66449 52.992062 59.063629 60.890781 58.256939 53.130329 48.123333 44.794083 42.293274 40.672203 40.14072 40.618591 41.282326 40.566196 40.21767 48.695572 53.810726 50.715591 47.434887 44.809769 41.994671 39.957817 39.996567 40.130684 40.056629 40.484352 40.043903 39.847065 39.760002 45.945419 48.387993 52.118908 65.070549 79.852425 85.857666 76.174568 66.883026 59.194923 54.90992 55.799713 59.934048 66.443298 74.354004 76.713028 71.741211 76.560822 84.299812 87.979866 94.304115 108.253822 125.027885 119.125443 103.394798 90.483681 82.368042 80.433823 82.694099 90.489349
48.433197 46.607101 48.590542 54.005108 60.043816 67.188095 69.63752 63.000168 56.237617 53.921806 51.049797 47.58284 44.245842 41.308506 40.767487 40.09885 41.297009 46.371197 53.835556 55.120712 50.043114 46.953114 44.555954 42.478897 41.659229 42.073376 42.126713 41.976433 42.224491 42.215015 39.494644 39.373714 43.253136 44.245007 45.627258 48.185356 52.419968 55.696613 54.790672 53.624191 52.479244 52.315769 54.883259 59.581337 66.067978 76.011276 85.504143 80.247589 78.410614 83.336983 92.763031 100.845673 116.129593 113.118912 96.477455 88.843445 83.825699 76.905708 79.375099 85.121689 91.009529
48.503662 46.829647 50.504753 56.72694 66.103424 73.838669 74.971603 66.867317 61.070518 58.026203 53.837814 49.594856 44.975872 41.77404 43.79565 45.344082 47.858593 53.401421 58.249615 55.912853 49.99427 47.250183 45.214615 43.581989 42.834721 43.09552 43.331783 43.230919 43.458073 43.220505 41.235115 39.029282 40.816265 42.006683 44.038216 45.563019 46.935818 48.227272 48.242424 49.39587 50.249874 50.390755 52.943897 57.014942 61.813534 71.522888 88.097923 88.595512 86.629677 87.362129 93.392159 104.572472 107.264534 97.445213 87.087784 81.776947 75.953972 70.863968 80.486816 85.902527 89.268898
48.559021 50.201996 54.110176 59.89362 71.656685 78.564171 78.140274 70.086418 63.407272 58.475613 53.720459 48.662582 43.906948 43.195007 45.192863 49.788887 54.470345 59.444588 60.028805 56.408859 50.990616 48.055531 46.107124 44.857105 44.133823 44.400902 44.490532 44.531582 44.580639 43.762138 42.262817 40.329025 39.294781 41.26757 42.544861 43.909893 45.701439 46.336643 47.069313 48.185192 48.423862 48.476761 50.009789 51.173145 54.262424 62.346882 75.65033 89.43174 92.808357 91.430099 89.243881 88.439171 89.71917 87.914139 83.557304 74.366959 69.134476 68.803009 76.016396 80.770248 84.304695
51.901569 54.58889 58.68565 67.348122 75.841797 80.232956 74.387314 67.077675 61.456711 56.900627 52.129223 46.330494 45.523193 49.670731 51.592926 52.090942 57.168903 60.742962 59.17939 55.404999 51.241009 48.514908 46.929375 45.908157 45.649567 45.74271 45.697746 45.779091 45.640656 44.455547 43.073315 42.168488 40.27285 39.466721 41.388283 43.210381 44.408756 44.87146 46.116634 46.113758 46.063885 46.563911 47.54969 48.154713 48.870693 52.424862 59.078815 70.786972 80.145866 79.934151 74.916382 73.865417 79.028412 81.354477 77.116165 70.179039 65.946861 66.766068 70.277344 76.530678 79.879944
53.375732 57.20406 63.218372 74.148529 79.937408 78.757904 70.121185 64.28286 59.460201 55.471733 51.372776 46.12542 50.339542 54.850807 57.109131 57.187592 58.947014 60.246246 58.343586 54.465614 50.850143 49.157085 48.246067 47.688747 47.228924 46.940849 46.866257 47.06015 46.630676 45.358616 44.479042 43.139736 41.562519 39.475166 40.464706 42.393772 42.892689 43.805206 44.318756 44.08226 44.050346 44.818962 45.829716 46.377052 46.846741 46.750526 47.8769 51.337067 54.99073 58.000652 61.531399 64.819275 67.324211 69.538246 69.012894 65.768036 63.951275 66.156387 69.644028 71.800056 71.981346
54.154701 59.525822 67.795647 76.810478 80.607056 73.932793 66.171661 60.938808 56.915466 52.88364 49.059406 47.32856 53.52774 58.999432 63.121601 64.965347 64.215591 61.961552 58.495773 54.906292 52.636158 53.197857 53.10849 51.323429 49.22113 48.246269 48.023537 48.318588 47.744904 46.68111 45.037384 43.531849 42.234165 40.347652 39.269642 40.812561 41.667309 42.450836 42.334435 41.98325 42.23703 43.295513 44.184269 44.676689 44.900524 44.376911 45.109596 46.377636 47.926083 50.31538 55.479607 59.142765 61.780766 65.209221 66.141411 62.790516 62.365585 65.744514 67.106682 66.944794 66.965202
55.835575 63.601433 73.980843 79.569275 77.869835 68.966652 63.933895 59.110149 54.317436 50.250999 46.952431 50.995667 57.952133 63.046848 68.696518 70.496727 69.023323 65.149834 60.258255 56.659267 56.27108 58.756184 59.650936 57.97113 54.266701 50.278023 49.263714 49.609829 48.686157 47.232025 45.905743 44.501804 43.265121 42.095753 40.359138 39.297062 40.347347 40.893349 39.930893 39.710552 40.888821 41.979023 42.352245 42.676533 42.597786 43.529732 45.201347 46.023827 46.970814 48.900833 52.095936 55.944458 60.080006 63.171265 63.04554 60.247643 61.72419 64.482361 64.207878 63.551952 63.596447
57.943317 67.859612 78.217224 80.1381 72.719719 65.871719 61.330254 56.570057 51.859085 48.433693 48.027607 54.660141 61.450905 65.929604 69.696342 70.790794 70.430382 66.888809 61.84734 58.896538 59.277122 61.113045 61.334904 60.238106 57.080662 52.132225 50.345341 50.327248 49.47332 48.020618 46.537342 45.160828 43.936642 42.915268 41.844875 41.034882 40.072536 39.399937 40.238113 40.565243 39.807854 40.474579 40.308624 40.464115 41.072903 42.67939 43.652378 44.562908 46.000572 47.963837 50.282093 54.139351 58.720882 61.07077 60.642277 59.160255 61.753109 62.555721 61.616863 60.51683 60.679527
61.617878 72.645538 79.823891 76.883179 68.504822 63.608971 57.905258 51.491592 49.31889 49.636524 48.934177 53.449173 61.130459 63.649368 66.266457 67.698914 68.753632 66.856415 63.448292 61.142986 60.203423 60.449764 59.252659 57.835335 55.476879 52.671589 51.372253 51.101006 49.965706 48.450783 46.967064 45.65556 44.577854 43.696953 42.937317 42.289158 41.616829 40.677467 40.893917 41.035606 40.839073 40.371944 40.122078 40.0644 39.89275 40.562759 41.636223 43.227875 45.323578 47.292694 49.133038 51.8839 55.96352 57.584301 56.028282 57.615505 59.997044 59.715923 58.828587 58.970978 60.333462
68.461967 76.698265 79.764618 72.404106 65.792641 61.064312 54.152554 50.009304 51.615318 54.111233 52.973637 51.983959 56.502712 59.542362 62.361504 64.187576 66.782921 66.951828 65.328308 62.868114 59.514568 57.525219 55.748329 54.673012 53.648582 52.948509 53.062042 52.088772 50.018425 48.577866 47.358299 46.398712 45.575474 44.767532 44.078072 43.554909 43.221077 42.7066 42.509708 42.495304 42.508949 41.862892 41.603264 41.540321 40.998131 40.177601 40.316559 42.135288 44.563786 46.278805 48.061924 50.41637 52.465439 52.391071 52.338169 53.04192 54.348099 56.063564 59.777359 61.351246 63.004261
74.448586 79.455696 77.32283 68.769753 63.280682 58.216995 51.983273 53.650177 58.298042 59.644966 58.2841 54.464951 53.962078 57.156498 59.558193 62.45118 67.261696 69.169319 68.786766 65.779305 60.637505 56.745125 55.66766 55.17495 54.67997 54.611893 55.045376 53.113441 50.24749 49.244514 48.372921 47.540165 46.710304 45.863037 45.265419 44.838493 44.533283 44.165848 43.681145 43.691208 43.873329 43.252335 43.288029 43.509289 42.897358 41.878784 40.729912 40.371883 42.55999 44.261353 46.196545 48.649555 49.790504 50.346043 50.62796 51.659191 52.506989 54.983925 59.37468 61.192589 63.106628
79.332535 80.310852 72.878975 66.310799 61.379597 55.041359 53.888878 58.580906 63.903694 66.252464 62.86974 57.967091 56.534199 58.167168 61.371769 67.163963 73.214111 75.56868 72.958221 67.615768 60.530403 57.425072 57.667065 57.569679 56.593544 56.19474 57.046074 55.597363 52.790134 51.152885 49.592571 48.743458 47.776791 47.002106 46.534508 46.117886 45.769516 45.408661 44.759014 45.016495 45.214928 44.658222 44.719982 45.278194 44.672287 44.330505 43.05262 41.103909 40.860283 42.096367 43.983135 45.945892 48.256058 49.443218 49.857597 50.571552 51.464714 52.863388 54.755188 56.669285 59.832188
80.019424 78.026314 70.239014 64.316498 58.693268 53.973442 59.909817 65.050011 68.328682 70.278847 65.513275 59.871529 59.360043 61.706669 66.079597 72.255516 79.986244 79.580437 72.133209 65.346397 59.695152 58.670925 61.970985 61.089882 58.277336 57.762135 59.317928 58.696609 56.10611 53.798805 51.598389 49.884125 48.747841 48.314632 47.933601 47.549328 47.170086 46.691235 45.883354 46.061981 46.553379 46.187115 45.877819 46.801212 46.79884 46.825577 45.994076 43.437038 40.896099 41.525017 44.481758 47.191799 46.945625 48.68071 50.169987 50.856876 53.001183 54.748486 55.843388 56.099678 57.61116
80.432335 75.760544 68.843941 62.64019 55.906097 56.285206 63.174477 69.076576 71.601967 71.314095 67.033035 62.389736 63.57637 67.196083 71.906731 76.003525 81.257904 78.421387 70.219444 64.103897 60.116268 61.124393 67.343025 66.74437 60.021317 59.105858 61.675373 61.384975 58.335098 56.214432 53.783504 51.203426 49.973396 49.859833 49.404243 49.162407 48.844856 48.13702 47.151501 47.079643 48.169849 47.983829 47.165771 48.008545 48.690041 49.254688 48.560436 45.7323 42.186718 41.148197 44.747272 49.026741 50.384544 52.509693 53.956001 54.618973 56.318497 57.850662 60.010315 60.555542 59.015396
79.128983 73.73687 67.863419 59.072044 55.526066 58.820889 64.874062 70.482773 71.892555 70.872063 67.902336 67.006149 68.194168 72.85096 78.512047 84.705338 83.81778 76.957703 69.367912 64.220551 62.344246 66.204803 70.399597 68.411369 61.28088 60.405884 64.34549 66.627831 61.943153 57.934517 55.756493 53.364151 52.279263 51.947224 50.843861 50.675762 50.254395 49.522964 48.34864 48.124329 49.883804 49.646927 48.565525 48.774063 49.596756 50.102081 49.569088 46.794762 43.557659 41.344025 42.318443 46.872692 51.16711 54.642021 57.674309 58.875374 59.919834 60.640667 63.023518 64.86319 63.115124
78.173973 72.366089 65.276993 56.87109 56.990456 61.194057 65.795105 69.351021 70.677696 72.108177 72.715462 73.39595 73.863487 77.594376 86.109116 91.807816 86.020981 75.710823 69.098907 64.228859 65.128906 69.277885 70.757622 67.845497 67.069611 65.537766 66.596619 71.170753 68.053467 61.444092 57.684227 55.49823 54.895245 53.999836 52.867008 52.595688 51.938004 51.052036 49.65329 48.946224 50.351704 50.170826 49.501377 49.32552 49.493256 49.464569 48.711044 46.555099 44.367691 42.456722 41.193634 42.44323 47.286575 53.087906 59.381733 61.666622 63.10424 64.500359 67.091949 69.328293 68.971184
77.908783 71.780266 66.142685 61.149029 57.938732 60.56493 63.708775 66.66288 71.127045 77.116203 81.463463 82.095215 81.156906 80.72718 90.480606 91.786415 83.254852 74.039322 68.106453 65.635002 67.271469 70.943245 72.207359 70.577477 72.072357 69.765442 69.536102 72.49102 75.384712 70.918991 62.442478 58.067623 57.149475 55.603664 54.869808 54.437584 53.772877 52.304398 50.416767 49.565144 50.147125 50.379837 50.119183 49.718548 49.238857 48.625217 47.703972 46.22364 44.869968 43.736084 42.212406 40.945339 41.113621 46.003418 56.294662 61.13789 64.110687 66.617264 69.819565 74.285728 73.43119
77.300331 72.329758 67.000755 61.326828 59.371517 62.647602 65.148117 66.873077 72.452171 83.450562 90.974487 92.835335 87.989517 86.110748 92.20536 89.855751 80.475121 71.838676 69.18911 69.872513 69.31765 73.571251 76.661125 74.854431 75.065552 73.806786 78.20726 76.918465 79.511749 78.935768 70.02095 61.249706 58.327118 57.110832 56.795784 56.344131 55.261642 53.543278 51.66383 50.479839 50.341419 50.813515 50.636414 50.005112 49.296097 48.417728 47.465866 46.498825 46.067833 45.656132 43.779476 41.421772 40.840397 42.140045 52.20293 58.730919 62.161812 65.496841 70.367973 79.003136 79.81942
76.422195 71.959595 66.3675 60.545536 60.805439 65.94455 70.084663 72.6408 73.244041 83.270828 94.675888 102.494812 95.902634 93.541351 94.169388 86.605843 77.320625 71.827362 72.26944 72.698929 71.445518 76.557404 80.430908 79.817719 78.872993 79.325478 85.475372 84.336205 82.91922 81.137245 74.233269 66.57679 60.02739 58.954975 58.805927 58.097771 56.625664 54.886482 52.992039 51.497772 50.879025 51.494312 51.1903 50.430355 49.744709 48.942612 48.02203 47.264454 46.995308 46.69495 44.870522 42.228298 41.073887 41.87933 50.177559 56.231468 60.896854 65.052109 70.145538 80.510628 82.892281
76.183823 72.078911 67.072433 61.193962 61.520027 68.685623 75.536804 80.459854 78.109108 80.58255 91.576752 105.739799 107.161232 101.842995 92.604225 82.949203 77.561417 77.709908 77.154945 74.593597 74.206505 78.52021 82.039238 82.77037 81.653328 81.355667 87.897522 87.533684 83.923668 81.348328 75.663811 69.321556 63.316643 61.809788 60.852089 59.175842 57.690517 55.866306 53.938301 52.449516 51.576405 52.388817 51.950321 51.268276 50.297897 49.483974 48.644798 47.792797 47.091816 46.505196 44.791859 42.600746 42.096207 43.9021 49.479744 54.648342 59.836174 63.510162 67.382088 75.017632 82.3638
76.130508 72.206512 67.324059 61.876034 63.092739 69.45385 75.41494 80.576012 82.972412 83.858925 89.934715 99.504784 104.671394 100.138435 90.521606 83.818153 85.200821 83.677505 78.166534 77.486023 78.348091 80.029373 84.114754 84.356964 82.570663 81.139816 83.462708 80.74202 78.994888 79.701012 76.263931 71.427696 67.241356 64.714104 62.10318 59.706337 58.045456 56.279396 54.444569 52.652264 52.126602 53.371292 52.957466 51.979965 51.013676 50.065193 49.376038 48.16354 46.837723 45.73896 43.887348 42.551773 43.903126 46.055695 49.017368 52.709438 56.947887 60.265541 64.941872 72.157806 81.513885
76.507805 72.727478 67.894112 62.332752 63.516785 67.329895 70.077545 73.910469 79.213432 85.143684 90.003929 94.281181 95.760742 96.761848 92.545403 91.741257 93.301514 85.261147 79.13279 82.790344 85.780434 86.837311 86.673378 82.473595 81.192863 80.431297 79.728836 76.473587 73.45594 73.819885 72.130058 69.862747 66.891678 63.931892 60.9431 59.194855 57.640854 56.174622 54.587753 52.697582 52.70364 54.314522 53.85487 53.000378 52.296017 50.93784 49.816273 48.414776 46.954727 45.541866 43.68631 42.749142 43.771126 45.695686 48.827232 51.863506 55.610069 59.453545 64.193039 70.085655 79.192291
77.653999 73.404045 69.104935 64.000366 65.047569 69.366867 70.586746 71.09684 74.12648 78.699844 82.835358 85.628021 89.598312 96.306511 100.156075 100.704285 95.586708 86.712433 82.978355 89.135132 92.13575 91.537811 86.550369 80.031433 77.954117 76.646919 74.59446 72.441544 69.564354 68.228348 67.02523 64.62545 62.361958 61.343979 59.354397 58.107094 56.989471 55.867905 54.74633 53.524296 53.236858 55.075611 55.138996 54.221924 53.041389 50.831276 49.602398 48.825001 47.635677 46.192776 45.174473 43.812325 42.983978 43.689365 47.552849 51.804752 55.283775 58.699921 62.494926 66.517593 72.366913
78.075981 74.21067 71.240997 66.066856 66.658279 71.766548 75.491028 76.570763 75.743668 77.050743 78.793724 81.009811 88.329956 97.826836 106.955032 104.063965 94.760551 89.40258 89.475899 94.193954 96.998833 93.513954 87.058075 80.112511 76.116272 72.351723 70.054741 68.802383 67.258003 65.634361 64.483971 63.208851 61.487713 59.886681 59.591221 59.648464 58.490509 57.236423 55.824192 54.087334 53.426991 55.244583 56.238461 55.114758 53.695805 51.875957 50.669407 49.761681 48.40144 47.459538 47.141403 45.784203 44.157715 42.984219 44.709328 51.149605 54.465786 57.358662 59.602745 62.598053 66.994728
