DSM_book/data/HV_dem100.asc
NCOLS 169 
NROWS 215 
XLLCORNER 334459.8 
YLLCORNER 6362590.5 
CELLSIZE 100 
NODATA_value -9999 
[rows 108 to 134 of 215, columns 0 to 60 of 169]
-9999 -9999 -9999 -9999 -9999 -9999 -9999 -9999 -9999 -9999 -9999 -9999 -9999 -9999 -9999 -9999 -9999 -9999 107.39254 105.159256 105.04261 107.51799 109.582359 108.368622 110.103065 110.473099 108.354614 105.042458 104.569054 109.386475 114.074966 114.187263 113.135254 108.533035 110.571815 105.130096 105.768074 107.979156 107.452408 106.779175 105.133446 101.275978 100.747536 103.557434 101.651703 99.229233 103.792564 109.151863 117.49868 122.357513 121.990089 120.764221 123.517761 120.939461 119.322853 115.230042 108.696648 106.929398 103.045227 97.248741 94.157906
-9999 -9999 -9999 -9999 -9999 -9999 -9999 -9999 -9999 -9999 -9999 -9999 -9999 -9999 -9999 -9999 109.769722 109.0532 107.34182 107.173233 108.970627 113.787727 117.531219 110.272758 110.983452 111.852074 109.566948 107.955826 108.573639 107.159843 111.843559 119.422813 118.727646 113.041794 111.300812 106.217575 107.475937 109.553207 110.713989 110.492813 106.282013 103.845718 105.51545 108.781898 103.890457 101.236099 107.598198 112.559952 117.271904 123.639893 128.649414 126.92305 124.229286 121.816887 115.436768 107.80088 102.760696 99.79335 97.877907 93.666634 91.836754
-9999 -9999 -9999 -9999 -9999 -9999 -9999 -9999 -9999 -9999 -9999 -9999 -9999 -9999 -9999 111.559952 112.068893 112.1362 109.898521 113.087936 114.316154 118.848526 124.390549 114.233101 113.183144 113.641281 110.92894 110.887253 113.965378 110.678352 109.953156 117.756226 120.663261 117.817314 112.56356 110.267578 109.73349 115.437134 117.212753 114.036255 107.937607 109.949547 110.890839 112.470795 107.233269 104.639778 111.371437 117.94648 120.62851 120.978981 117.903275 115.699837 118.971733 119.881508 111.030891 103.114922 100.032692 96.939232 92.934715 91.97361 92.000961
-9999 -9999 -9999 -9999 -9999 -9999 -9999 -9999 -9999 -9999 -9999 -9999 -9999 -9999 -9999 -9999 114.195885 115.481926 117.162476 120.727005 119.504433 120.846474 128.9478 120.035156 116.338165 116.415161 114.100258 114.664551 119.497192 116.108955 110.196075 117.331718 121.019196 117.410934 111.913422 110.379097 113.871765 121.738129 122.453697 116.25721 110.559364 115.24276 116.783607 117.058052 110.11525 108.025749 112.682419 117.996162 120.643875 118.790337 110.512299 104.653244 106.811691 107.156631 100.826248 97.579727 95.815956 93.580818 91.921181 91.999817 92.001862
-9999 -9999 -9999 -9999 -9999 -9999 -9999 -9999 -9999 -9999 -9999 -9999 -9999 -9999 -9999 -9999 -9999 -9999 -9999 -9999 119.517799 126.140701 129.935013 124.059021 120.008568 120.119263 118.250488 118.640602 122.81636 119.035889 111.694328 118.179276 120.675446 114.389534 111.056839 111.116249 121.220566 128.419083 127.11322 117.781654 114.885689 120.133286 120.835869 119.909393 113.705177 110.388176 113.212509 116.100792 113.236198 108.174057 102.981506 100.459526 98.459816 96.974152 95.546188 93.971947 92.532425 91.996292 91.999924 92.001808 92.001091
-9999 -9999 -9999 -9999 -9999 -9999 -9999 -9999 -9999 -9999 -9999 -9999 -9999 -9999 -9999 -9999 -9999 -9999 -9999 -9999 -9999 129.893463 129.140884 124.790421 123.697807 123.878387 120.335922 121.065971 125.426628 120.247887 115.310173 120.077736 119.982849 115.316711 112.317245 114.942329 126.94043 135.085785 131.276093 121.089081 119.879532 122.291206 121.450317 119.619492 114.994873 111.50412 113.096893 112.89724 108.161812 102.434036 100.451485 99.55722 99.191223 98.726944 97.641235 96.093056 93.851105 92.381699 92.070724 92.278183 92.86483
-9999 -9999 -9999 -9999 -9999 -9999 -9999 -9999 -9999 -9999 -9999 -9999 -9999 -9999 -9999 -9999 -9999 -9999 -9999 -9999 140.366898 132.083115 127.84816 129.69986 129.317307 128.105392 123.60997 124.879601 128.982788 121.714272 118.274429 121.219315 120.285011 117.655251 114.826736 118.460693 131.335449 140.665436 136.940582 125.697479 122.244377 122.147552 120.153343 115.885406 112.558258 110.719048 111.223259 109.97757 105.992043 102.11116 102.576477 103.20031 104.567131 104.592758 102.982864 100.93232 99.360306 97.091545 94.667686 95.17556 98.620461
-9999 -9999 -9999 -9999 -9999 -9999 -9999 -9999 -9999 -9999 -9999 -9999 -9999 -9999 -9999 -9999 -9999 -9999 -9999 157.371933 146.185883 135.478241 133.375931 139.80957 134.360077 135.116104 129.69072 130.505585 131.136383 122.741226 120.149315 121.348686 120.785805 118.55246 117.128174 125.727158 136.801422 141.989136 137.839279 130.121719 124.597511 120.792267 117.800797 114.694717 112.25499 111.388992 109.496841 109.666695 108.37677 103.99987 105.640793 108.251602 110.95031 111.909943 109.55397 107.056305 105.052628 101.888039 98.403328 97.320694 102.065796
-9999 -9999 -9999 -9999 -9999 -9999 -9999 -9999 -9999 -9999 -9999 -9999 -9999 -9999 -9999 -9999 -9999 175.019226 163.65802 159.287018 150.003998 141.621597 142.028824 147.763962 142.047546 143.412125 135.202942 137.45076 135.93959 125.413353 121.415451 122.138817 121.756248 120.255394 123.114037 131.220139 139.51651 140.018234 132.477219 127.009125 122.324257 120.115181 120.775291 119.698837 117.435196 116.788101 114.265259 117.8993 113.372643 105.897316 108.527168 113.258026 117.617218 118.570641 115.370018 111.64035 106.848846 101.330803 100.242538 100.294121 104.989777
-9999 -9999 -9999 -9999 -9999 -9999 -9999 -9999 -9999 -9999 -9999 -9999 -9999 -9999 -9999 215.6978 199.622406 177.414352 186.245392 191.350418 159.767365 153.64093 156.721985 155.297089 157.622116 153.141464 143.119324 143.757339 140.318512 128.888092 125.623543 124.627312 123.866402 123.942497 130.44838 139.614151 141.773376 141.364777 136.273392 129.477829 126.861237 126.918579 126.465202 122.505264 120.400131 120.660889 121.353889 122.513466 117.60479 107.609619 113.176445 120.03405 122.841896 121.758545 116.870934 110.516182 103.305023 100.911812 101.000511 101.028053 106.108513
-9999 -9999 -9999 -9999 -9999 -9999 -9999 -9999 -9999 -9999 -9999 -9999 -9999 -9999 -9999 212.665024 191.67009 201.661224 215.133728 209.548355 166.022339 170.44371 186.66275 193.985321 196.339432 172.385345 155.255417 150.659241 144.485764 135.687134 129.607483 127.703918 127.665588 129.288834 135.619293 142.529129 142.467743 141.366531 139.207672 132.801224 131.30867 131.323837 128.170685 121.988274 118.597069 118.94915 121.879555 122.576103 115.187439 108.533463 119.786079 126.717293 125.871414 120.946503 113.36734 106.595901 101.753967 101.899422 101.106476 101.562973 107.968315
-9999 -9999 -9999 -9999 -9999 -9999 -9999 -9999 -9999 -9999 -9999 -9999 -9999 -9999 218.764618 204.744904 210.996338 219.385986 -9999 213.121094 176.30571 177.798203 202.505325 218.184921 220.943634 194.717758 166.197647 157.15918 148.56398 137.823685 131.077728 131.593094 132.15773 137.467117 141.672775 142.388824 141.472824 134.691498 133.596512 131.056854 130.198578 128.614548 123.503487 119.287926 116.226028 114.287308 118.888885 117.923004 110.417274 115.575661 126.821556 130.865738 124.956818 117.031631 109.768402 107.08139 108.690903 108.080132 102.14994 105.312599 110.02597
-9999 -9999 -9999 -9999 -9999 -9999 -9999 -9999 -9999 -9999 -9999 -9999 -9999 -9999 218.92955 212.393082 220.265671 -9999 220.868698 207.761948 182.175171 189.963394 214.735977 -9999 212.790207 188.623154 164.472427 154.790207 145.50267 137.534912 134.308487 136.753937 139.158386 141.177109 142.299393 138.664261 133.517654 129.135986 127.318558 125.864174 122.958328 121.640205 119.06665 117.041 115.837967 115.851059 117.057701 118.9701 120.645988 124.996948 130.712234 129.018402 121.014191 112.485909 110.360207 113.309113 114.291794 110.898308 106.133507 109.929085 108.787903
-9999 -9999 -9999 -9999 -9999 -9999 -9999 -9999 -9999 -9999 -9999 -9999 -9999 -9999 223.6828 223.6828 -9999 -9999 215.670151 202.856735 207.47522 206.065384 211.426361 219.579712 200.972229 171.421951 157.583984 150.241394 143.779053 137.632645 139.441833 143.917969 145.158417 142.605469 139.429428 134.752975 132.627472 129.40329 126.034485 123.126511 120.835403 119.932213 119.398438 118.136299 117.514427 120.33886 129.473114 134.342636 137.966873 132.225159 127.171593 122.261574 116.954437 114.691673 117.728973 119.569099 116.444138 110.351776 109.834991 111.679672 107.376831
-9999 -9999 -9999 -9999 -9999 -9999 -9999 -9999 -9999 -9999 -9999 -9999 -9999 -9999 -9999 -9999 -9999 -9999 218.432693 216.974609 219.890396 223.677399 -9999 222.642975 202.644211 173.417648 161.625854 154.382431 143.924286 139.934036 143.455292 150.734314 149.797043 146.047562 144.381805 143.627899 142.769165 135.29216 129.20668 127.517998 126.196541 124.326134 122.346161 120.064079 119.746437 124.555153 138.384735 146.153702 138.556992 128.932968 125.281372 120.781937 120.272919 122.877502 123.864571 121.538872 115.68766 111.00238 113.881592 111.803497 107.280342
-9999 -9999 -9999 -9999 -9999 -9999 -9999 -9999 -9999 -9999 -9999 -9999 -9999 -9999 -9999 -9999 -9999 -9999 -9999 -9999 -9999 -9999 217.472 210.549362 202.771698 178.696274 160.711166 149.666565 143.991135 146.428894 148.824493 155.364487 153.346359 151.404739 150.714752 151.282623 148.965546 139.879929 134.204529 132.74437 131.044357 127.767586 122.295776 121.926514 121.767387 127.691864 146.334198 151.661804 138.876312 135.554565 132.647034 126.702744 127.671272 129.692001 125.770302 120.174179 117.259895 117.255981 116.014374 109.337166 104.913002
-9999 -9999 -9999 -9999 -9999 -9999 -9999 -9999 -9999 -9999 -9999 -9999 -9999 -9999 -9999 -9999 -9999 -9999 -9999 -9999 -9999 -9999 214.593277 197.300812 184.830154 173.563721 156.220993 151.309525 152.060135 155.214493 157.424896 159.589722 154.314865 150.707733 148.401123 149.502655 149.740067 142.648163 136.584534 133.167969 128.988678 123.527451 121.870476 121.962379 122.14212 128.03746 140.420013 151.558609 145.99939 149.087051 141.160095 136.462936 137.945816 134.098663 129.23851 126.43705 123.493202 121.372208 117.194878 110.894745 108.394547
-9999 -9999 -9999 -9999 -9999 -9999 -9999 -9999 -9999 -9999 -9999 -9999 -9999 -9999 -9999 -9999 -9999 -9999 -9999 -9999 218.357193 216.059555 207.685898 185.377563 171.160995 163.090927 158.43782 158.379532 162.412048 163.344742 162.734894 159.617371 151.353073 147.810699 142.032074 139.156082 139.314545 135.439926 130.095688 126.496803 123.938461 122.29924 121.864433 122.68203 126.000198 133.962982 141.368683 151.071136 157.30072 163.435165 156.408722 149.938126 145.086426 137.388306 133.17836 129.865784 124.801712 120.473358 116.727051 112.323982 110.665726
-9999 -9999 -9999 -9999 -9999 -9999 -9999 -9999 -9999 -9999 -9999 -9999 -9999 -9999 -9999 -9999 -9999 -9999 -9999 -9999 213.022781 199.506226 194.808334 193.099945 188.610733 174.747681 165.590485 167.521729 172.919693 166.929703 162.512543 159.85463 159.16066 156.402267 149.827087 141.597321 131.845001 129.816208 128.146576 129.373795 127.728416 124.12571 123.371445 128.983063 134.012848 137.864761 152.303146 159.8936 168.933624 168.981995 159.766098 149.373901 137.661682 132.806061 132.342834 129.192673 122.895378 118.736259 114.343285 111.631798 108.119652
-9999 -9999 -9999 -9999 -9999 -9999 -9999 -9999 -9999 -9999 -9999 -9999 -9999 -9999 -9999 -9999 -9999 -9999 -9999 221.205246 214.764069 214.009674 218.357376 220.288269 209.489075 183.886398 171.15741 175.980118 176.928131 163.170807 156.408707 153.223999 159.000626 152.73587 145.471771 142.207794 136.325195 131.994583 130.420563 133.860886 130.065475 126.034973 127.811493 134.679504 143.727737 148.166901 164.821823 183.201492 177.994873 170.479462 166.980591 155.578812 146.275391 135.588547 134.896042 129.156738 120.818153 118.561722 115.806541 113.585419 108.56424
-9999 -9999 -9999 -9999 -9999 -9999 -9999 -9999 -9999 -9999 -9999 -9999 -9999 -9999 -9999 -9999 -9999 -9999 -9999 223.480652 223.080902 -9999 -9999 -9999 215.986664 192.971405 182.307861 182.702515 173.875076 162.711868 157.534149 148.140839 145.805298 143.791336 140.86795 137.047592 133.311493 131.619095 136.554733 136.300674 129.478836 129.118546 132.99942 139.927292 149.582382 168.497498 180.808792 192.882919 184.91391 181.377823 175.238434 172.000473 162.339066 148.339111 136.767715 129.673523 124.33049 123.14695 120.448418 116.345024 111.26281
-9999 -9999 -9999 -9999 -9999 -9999 -9999 -9999 -9999 -9999 -9999 -9999 -9999 -9999 -9999 -9999 -9999 -9999 -9999 -9999 -9999 -9999 -9999 -9999 211.852768 194.607758 198.645462 183.448578 170.763962 163.415024 154.930588 150.515778 151.786331 151.292404 144.055252 138.021255 137.925385 141.007721 141.165802 136.86647 130.913559 134.128662 139.724075 150.057907 156.991653 173.576721 189.186615 189.286072 181.236633 176.832596 191.316208 194.509354 173.264465 153.532303 141.115509 134.530914 129.888672 124.959412 120.198997 116.960487 113.85891
-9999 -9999 -9999 -9999 -9999 -9999 -9999 -9999 -9999 -9999 -9999 -9999 -9999 -9999 -9999 -9999 -9999 -9999 -9999 -9999 -9999 -9999 -9999 221.918503 214.029541 211.508469 211.322968 180.140457 168.232239 161.787552 156.399155 159.724228 160.304138 150.850998 141.299637 144.909409 148.127182 145.25264 139.728363 137.934875 137.383133 138.615005 146.677582 154.893311 169.403824 176.182053 180.802063 174.274963 163.005676 165.682526 190.017853 194.494629 176.82399 158.667023 147.648544 138.694946 130.389313 123.363846 116.778061 112.198402 111.907822
-9999 -9999 -9999 -9999 -9999 -9999 -9999 -9999 -9999 -9999 -9999 -9999 -9999 -9999 -9999 -9999 -9999 -9999 -9999 -9999 -9999 -9999 -9999 222.760483 220.772156 221.738205 206.940567 183.744171 173.604691 166.944855 161.144989 167.272476 163.253357 150.933136 144.309464 149.575806 150.631424 143.187622 138.943192 139.072601 140.526886 144.806946 154.714645 168.976685 172.747849 169.073456 164.544571 166.21286 157.436783 152.064514 167.57251 176.015015 162.753647 155.330017 147.999466 136.319229 125.191406 120.213272 115.050606 108.622375 107.635345
-9999 -9999 -9999 -9999 -9999 -9999 -9999 -9999 -9999 -9999 -9999 -9999 -9999 -9999 -9999 -9999 -9999 -9999 -9999 -9999 -9999 -9999 -9999 -9999 -9999 224.575104 215.807083 205.389389 183.196838 171.414566 165.551559 169.155853 159.903305 149.106918 152.905579 154.854507 148.683746 142.158035 141.44809 143.494812 145.5923 152.867874 161.289948 175.52475 174.104538 161.963623 152.444794 153.748932 154.015198 146.53894 150.000763 159.519745 144.88942 139.377563 132.372574 123.405411 116.492256 112.77858 110.948997 106.613953 103.261642
-9999 -9999 -9999 -9999 -9999 -9999 -9999 -9999 -9999 -9999 -9999 -9999 -9999 -9999 -9999 -9999 -9999 -9999 -9999 -9999 -9999 -9999 -9999 -9999 -9999 -9999 -9999 214.683533 191.736969 175.512314 169.322815 167.790436 154.954849 151.3797 165.392227 161.357864 150.420044 147.674454 150.090729 149.274948 152.117981 159.471741 167.916351 172.556412 170.410339 161.982773 150.958679 142.250046 140.587677 140.62088 134.701187 141.442871 132.390228 123.051666 118.633118 113.857307 109.902428 107.846642 106.289497 103.855637 102.427597
-9999 -9999 -9999 -9999 -9999 -9999 -9999 -9999 -9999 -9999 -9999 -9999 -9999 -9999 -9999 -9999 -9999 -9999 -9999 -9999 -9999 -9999 -9999 -9999 -9999 -9999 217.593887 214.362778 193.574646 178.61763 175.839752 171.14711 153.995483 156.853134 167.218781 166.371262 156.815887 156.642914 161.908905 158.065704 160.16684 167.182953 169.110367 167.629166 163.999176 156.426575 151.462997 145.68544 138.019562 129.682693 125.169487 124.384163 120.238335 116.393784 112.529091 109.802963 109.057266 109.605598 107.638466 106.269478 105.329918
