DSM_book/data/HV_dem100.asc
NCOLS 169 
NROWS 215 
XLLCORNER 334459.8 
YLLCORNER 6362590.5 
CELLSIZE 100 
NODATA_value -9999 
[rows 135 to 161 of 215, columns 61 to 121 of 169]
106.58699 102.915108 101.689507 101.107178 101.142281 102.142868 102.037804 101.583771 100.69828 99.761093 99.270004 99.007111 97.817017 96.146423 96.381378 98.621178 100.300835 101.688873 102.529556 103.254158 99.349052 90.308929 83.004936 78.295052 75.089508 72.606659 71.796631 72.021156 69.804405 66.653275 67.383896 68.286705 67.500038 65.62114 63.815643 62.679474 61.86665 60.801167 60.226265 59.751678 59.642136 59.05212 58.663036 58.814938 61.012177 61.939606 60.104454 58.805317 57.73238 56.481228 55.356659 53.986771 53.358658 53.746262 54.030334 56.062092 60.112682 61.808121 63.033657 64.368286 65.378563
110.163658 107.347939 105.011551 103.253876 102.331955 101.899628 101.39859 100.723175 98.913147 96.018517 94.355431 94.304619 92.865768 91.440811 91.291878 92.885712 95.825272 99.331093 100.971603 99.94725 92.369644 84.156578 79.509361 76.304764 73.316536 70.576874 69.547646 68.934219 68.62336 68.167076 69.036942 68.524628 66.551216 64.281693 63.084328 62.042408 61.27599 60.416718 59.92688 59.403057 59.536301 59.928829 63.10841 64.384361 66.566498 66.209801 62.446659 60.129833 58.560371 56.715488 55.113918 53.923634 53.655514 54.4543 55.257473 57.076519 59.863369 61.528137 63.081612 64.904083 66.982323
109.190842 106.428543 104.441475 103.101311 101.813545 100.406097 98.839867 97.741524 95.167435 92.07991 90.16362 89.864563 89.331078 88.167625 87.833763 88.651031 89.315536 90.127953 91.855576 88.253601 83.43721 78.952347 76.455139 73.871025 71.564453 70.525787 69.693665 69.546021 70.160851 70.215744 69.865028 68.38826 65.762581 64.75074 64.27726 62.487377 61.594444 60.335632 59.919727 59.508778 59.788906 63.379341 68.948654 72.13755 72.295166 69.57354 65.359695 61.178036 59.052464 57.184223 55.745399 54.59024 54.03767 55.575798 56.850185 56.959599 58.549011 60.087269 61.359318 62.932999 65.318382
102.149216 101.181702 100.475517 100.412811 100.067307 98.509651 95.750099 93.831856 91.185104 89.631004 88.395744 87.675491 86.925751 85.472099 84.651802 84.884903 84.569992 83.634567 82.260796 80.039818 77.741089 75.229752 73.785042 72.232246 70.949562 70.152443 69.48423 69.599403 70.458473 70.515366 70.262703 68.331421 65.595123 67.684341 68.036758 64.938812 63.263752 62.200508 60.832806 59.899342 62.485256 70.152039 74.445679 77.898865 75.33062 69.755493 65.095627 60.140598 58.854214 57.975613 57.386929 56.309586 54.360584 57.070953 59.444855 58.269207 58.028477 58.388771 58.979813 59.954681 61.824909
98.359077 97.733917 97.379211 97.271805 97.210136 96.231041 93.482635 91.007782 89.284676 88.107529 86.985138 86.07782 84.908165 83.346855 81.617722 81.212593 80.146782 78.807602 77.107468 75.860786 74.44429 73.199203 72.221855 71.274689 70.296677 69.386864 68.978661 68.959373 69.635452 70.376434 69.581314 68.416512 68.372269 70.642662 69.01133 66.649712 64.985992 63.277805 61.448963 60.209827 65.120605 72.002937 76.5839 79.453682 75.753601 69.897667 64.850761 60.381111 58.978737 58.412663 57.795021 56.63155 54.403618 55.858917 59.63044 60.137066 60.028278 59.826607 59.904278 59.836792 59.897984
96.866096 95.896309 94.986664 94.456696 94.168922 93.493843 91.925537 89.634361 88.235313 87.090721 86.035027 84.861038 83.890541 82.468567 80.571053 79.391365 78.02903 76.720139 75.506836 74.486122 73.302086 72.069954 70.918533 69.886963 69.313782 69.09024 69.060516 68.823311 68.778526 69.40097 69.406601 70.717339 73.202362 72.552696 69.45887 67.430206 65.155746 63.067978 61.442638 60.651798 66.174759 71.833473 75.435516 76.950928 74.725975 70.039482 64.509331 60.052246 59.116459 58.406784 56.763161 55.197655 54.275677 54.263016 56.426098 59.01741 59.945251 60.402996 61.194233 61.970306 61.562309
96.45166 95.423935 94.312157 93.322159 92.253708 91.028923 90.489235 89.259964 87.770287 86.457161 85.39093 84.185486 82.932755 81.954819 80.865242 79.790001 78.858727 77.472656 76.078888 74.741051 73.218994 71.529854 69.92778 69.126236 69.088997 69.318909 69.622108 70.070068 71.021011 70.574509 74.696533 77.015137 76.852509 74.36721 70.593674 68.06044 65.335403 63.091019 61.687645 61.434891 66.878708 70.945038 73.794853 75.10009 73.444237 69.722099 66.492966 63.398029 61.080711 58.51696 55.900589 54.594505 54.395428 54.436123 54.990398 56.576683 58.4949 59.456055 60.672119 62.67453 64.209602
96.912666 95.754517 94.643837 93.557098 92.084389 91.294281 90.404572 89.415024 88.053185 85.551514 84.384239 83.116119 81.794342 81.065598 80.697212 79.681938 79.988632 78.684982 77.106331 75.397293 73.552773 71.609879 69.593887 69.091469 69.101738 69.671616 70.569725 72.863373 74.364006 75.428688 79.116554 80.68602 79.625397 76.323868 72.188156 68.907135 65.220261 62.782768 62.459717 62.512226 66.254189 70.269104 72.821808 74.956017 74.791389 72.646545 71.001701 68.306587 63.707466 59.187462 55.112114 54.560303 54.827793 55.001221 55.425838 55.8792 57.23349 58.57021 59.882408 61.114143 63.83942
97.543335 96.71167 96.112213 95.174561 93.906494 92.849319 91.625412 90.483421 88.94841 85.899574 84.615807 83.208878 81.18161 80.110054 79.968597 78.532433 80.427376 79.552338 77.776787 75.544403 73.423996 71.5373 69.499634 69.237228 69.862167 70.466034 72.006149 76.318802 78.31926 79.450981 82.183578 83.086784 80.766403 77.165192 72.387657 67.27079 63.924435 63.522953 63.509464 63.828968 66.071274 69.29657 72.081314 75.667175 77.330467 75.914864 73.154533 68.981476 63.99332 59.371422 55.232765 54.770771 55.002544 55.265316 55.791039 56.114346 56.526463 57.828033 58.917175 59.972157 61.897442
98.627968 98.226631 96.723824 94.828896 93.251823 91.574219 90.936859 90.003998 87.859482 85.371933 84.294052 83.001183 81.303123 80.012688 79.782761 79.025452 79.126854 79.398636 77.286232 74.981354 72.870438 71.793915 71.491302 72.302597 76.243217 76.038994 74.823448 79.092857 82.239182 84.026474 85.83963 84.112274 80.302383 75.770523 71.147636 65.545555 64.715469 64.992867 64.612198 66.238037 68.28231 69.366432 71.939316 76.456673 79.517494 77.920296 73.497292 68.735283 63.825462 59.183929 55.701244 54.91209 55.113083 55.343159 56.05154 56.535511 56.729126 57.281113 57.743114 58.335201 59.2756
99.809357 97.763695 95.091103 93.070656 91.715958 90.521141 89.838821 89.124779 88.688972 87.280884 84.92173 82.831604 81.449249 80.180977 79.674202 79.234703 76.853683 76.129211 75.285004 73.789246 72.159515 74.307343 80.531555 84.982544 84.402496 79.051857 77.577148 81.922127 85.761826 88.549454 88.678391 83.12178 78.271568 73.285233 68.794083 65.526047 66.662315 66.729858 65.923813 68.598061 71.463638 72.593864 74.12748 77.885735 80.516563 79.647171 75.501312 70.299202 65.322411 60.38689 56.205128 55.185947 55.251671 55.366978 56.049271 57.008675 57.338337 57.333073 57.282158 57.238285 57.576813
98.624191 95.256897 94.221642 93.782654 92.897018 91.866158 91.126945 90.659447 90.43045 88.796494 85.588257 83.894485 83.200935 80.524368 79.968819 79.792168 76.846146 75.790237 74.429268 73.908585 74.555656 82.227417 90.584938 92.977386 86.91703 79.632706 80.38131 85.421417 89.200706 91.281197 87.983894 80.84613 75.673805 71.477661 67.744072 66.890579 69.552223 68.770836 67.011055 69.000275 73.044121 74.5289 76.740685 79.393112 81.329971 81.094978 76.990822 71.45591 65.630196 60.23764 56.098545 55.6199 55.621929 55.495861 56.079739 57.556904 58.413963 58.575211 58.131714 57.636166 57.588684
98.046722 95.921814 95.273598 94.860176 93.968849 92.870407 91.872536 90.86261 90.164078 87.633957 85.678001 86.376511 86.22049 85.086487 83.067276 81.18969 79.1082 76.605705 76.797462 82.76403 89.93557 98.629677 101.111984 96.64209 87.758568 81.637764 83.686356 88.362495 92.375504 91.136078 84.087547 77.591179 73.086449 69.711212 67.365028 69.367149 71.855278 70.023048 67.889618 69.677788 -9999 -9999 -9999 -9999 -9999 -9999 -9999 -9999 63.838501 59.710842 56.211338 55.984116 55.846897 55.645241 56.375961 58.145206 59.529606 59.97509 59.266876 58.514633 58.106758
99.24012 97.653915 96.717552 95.670197 94.415932 93.124077 90.365082 89.29776 88.966019 87.968147 89.386963 91.598816 89.722031 88.344063 83.29332 80.39653 78.964333 79.085617 85.209503 86.883545 96.952583 108.032944 104.131432 95.536591 88.823273 86.948776 88.943619 90.907341 94.360123 88.905373 81.584419 76.820793 72.467751 69.065453 68.842949 72.772552 74.269829 70.97052 68.751282 -9999 -9999 -9999 -9999 -9999 -9999 -9999 -9999 -9999 -9999 -9999 -9999 -9999 -9999 -9999 -9999 59.107639 59.919891 60.58725 59.765949 59.195663 58.695076
100.395973 98.566483 97.040657 95.588448 93.542442 91.577522 91.685295 92.180672 90.235405 91.762154 98.154633 101.62027 97.809097 92.278961 83.790909 79.335182 81.250687 87.86554 95.560547 92.643227 95.01947 106.636948 103.044815 93.65284 89.985832 93.155159 94.599892 96.178185 96.08889 88.118553 80.431915 76.513039 72.62233 69.037552 70.758804 75.505249 76.020195 71.51667 69.486511 -9999 -9999 -9999 -9999 -9999 -9999 -9999 -9999 -9999 -9999 -9999 -9999 -9999 -9999 -9999 -9999 -9999 -9999 -9999 -9999 -9999 -9999
100.771896 98.515846 97.192703 95.65097 94.164772 92.937958 95.124825 96.662621 95.338837 102.05928 107.765717 109.122734 102.533478 93.712517 84.308807 80.645485 85.762428 96.365379 106.413147 103.797447 95.809143 99.79007 101.081261 95.81456 96.887932 99.949898 100.091652 100.124016 97.199165 88.944862 80.308723 75.500122 71.694473 69.557533 73.899307 78.88916 78.491035 72.995483 70.010902 -9999 -9999 -9999 -9999 -9999 -9999 -9999 -9999 -9999 -9999 -9999 -9999 -9999 -9999 -9999 -9999 -9999 -9999 -9999 -9999 -9999 -9999
99.939079 100.2136 99.127197 96.461975 98.189079 101.593742 100.200226 102.864021 101.11541 104.905014 111.652443 111.587257 103.073532 94.264236 86.604988 82.087616 87.431564 100.109032 114.51181 113.415482 102.320213 99.970009 102.453247 102.830818 104.088341 104.064659 101.008606 98.508614 94.89978 88.228119 80.545837 74.887749 70.737953 71.296257 76.145653 80.366508 80.173553 75.38343 72.164307 -9999 -9999 -9999 -9999 -9999 -9999 -9999 -9999 -9999 -9999 -9999 -9999 -9999 -9999 -9999 -9999 -9999 -9999 -9999 -9999 -9999 -9999
100.730705 100.40963 98.728271 101.982567 105.947289 109.248367 106.410316 109.315323 110.537003 109.577736 112.076637 110.561966 102.443573 93.946762 87.896927 83.719757 86.94857 98.496994 112.138634 114.970627 105.606621 105.195839 109.29731 110.076614 107.207329 101.15287 95.714241 92.575966 90.480759 86.707573 80.725227 75.272263 70.888176 71.427299 76.999367 80.308083 80.213516 77.106621 74.111671 -9999 -9999 -9999 -9999 -9999 -9999 -9999 -9999 -9999 -9999 -9999 -9999 -9999 -9999 -9999 -9999 -9999 -9999 -9999 -9999 -9999 -9999
100.226662 99.82254 99.202347 105.185982 111.557869 115.276955 114.353317 114.146416 119.032639 117.247536 113.718086 109.831291 101.965569 94.055779 89.101868 85.702637 85.796402 96.569084 109.617851 111.706062 109.918961 110.156799 111.875755 110.59874 103.118217 96.330383 90.535225 87.277199 85.395737 83.233864 79.254242 75.470848 71.728966 72.022148 78.891144 82.263779 81.60231 78.077583 75.818878 -9999 -9999 -9999 -9999 -9999 -9999 -9999 -9999 -9999 -9999 -9999 -9999 -9999 -9999 -9999 -9999 -9999 -9999 -9999 -9999 -9999 -9999
101.356781 105.934959 105.468201 106.897934 114.247749 121.157234 123.617149 122.686508 121.075562 117.405815 111.111534 105.723305 98.300644 93.910736 91.189331 87.733475 86.129593 93.886436 102.943489 104.857025 109.13842 111.297249 111.19294 107.948196 101.561279 95.79097 90.357224 84.646584 81.056931 78.49752 76.567787 74.361603 71.960686 73.964775 79.495071 85.71077 84.125771 80.046196 -9999 -9999 -9999 -9999 -9999 -9999 -9999 -9999 -9999 -9999 -9999 -9999 -9999 -9999 -9999 -9999 -9999 -9999 -9999 -9999 -9999 -9999 -9999
106.151237 110.809402 111.350922 109.005585 114.64119 124.194046 130.861008 129.664902 120.040047 111.563477 106.977112 102.610329 98.454605 97.098282 93.355049 89.92804 87.59111 90.103981 96.158081 101.367996 106.861359 110.590561 109.355621 102.630005 97.451347 93.052544 88.173355 84.505013 81.390678 79.71962 77.006523 74.230774 72.500526 75.703949 81.662064 89.163055 88.830139 85.702515 -9999 -9999 -9999 -9999 -9999 -9999 -9999 -9999 -9999 -9999 -9999 -9999 -9999 -9999 -9999 -9999 -9999 -9999 -9999 -9999 -9999 -9999 -9999
111.21653 112.72522 117.026375 114.252831 114.578911 123.843399 131.002731 130.618973 122.886826 115.145149 110.339233 107.062141 103.840324 101.003128 97.258591 92.377045 88.843819 89.237701 95.906837 102.819092 109.538528 111.698441 108.624489 101.473846 94.649719 90.888756 90.804222 90.077538 86.792297 80.088348 76.320045 73.807419 74.136703 76.373657 81.410538 87.615906 90.749374 90.27243 -9999 -9999 -9999 -9999 -9999 -9999 -9999 -9999 -9999 -9999 -9999 -9999 -9999 -9999 -9999 -9999 -9999 -9999 -9999 -9999 -9999 -9999 -9999
116.744629 116.311264 121.938713 122.016983 118.611534 121.511673 128.966751 130.850677 125.302971 117.966309 112.99482 109.441452 105.173233 101.307777 96.535942 91.491501 89.648163 91.773552 96.809158 101.672203 109.416954 113.52684 109.203056 101.705139 97.394409 98.766014 97.511261 92.56826 85.562599 78.535446 75.019501 76.154572 78.117599 77.952507 79.000542 84.062622 90.015984 91.723511 -9999 -9999 -9999 -9999 -9999 -9999 -9999 -9999 -9999 -9999 -9999 -9999 -9999 -9999 -9999 -9999 -9999 -9999 -9999 -9999 -9999 -9999 -9999
123.465698 120.575462 123.444099 129.487854 126.836189 130.005173 131.641586 128.97908 120.224457 112.042885 106.577011 103.333275 100.863853 97.238625 93.504639 91.408279 91.327812 95.681572 101.637894 107.334953 111.625496 116.512627 111.793846 104.402573 103.00132 103.103394 100.508186 93.08992 84.088051 78.049103 76.66301 80.36274 84.753349 83.765701 80.851723 80.926414 88.151398 91.042732 -9999 -9999 -9999 -9999 -9999 -9999 -9999 -9999 -9999 -9999 -9999 -9999 -9999 -9999 -9999 -9999 -9999 -9999 -9999 -9999 -9999 -9999 -9999
130.608246 128.47113 126.696465 134.963547 136.135605 135.659424 133.431015 129.818939 120.883995 112.172546 105.442696 100.16877 97.020348 96.307693 96.420235 94.17897 93.260056 97.153831 102.894279 109.811348 116.772438 120.290718 117.122421 111.897652 107.68409 103.405182 100.09774 93.132187 83.695068 77.491882 79.82415 85.824081 90.771385 90.800613 87.059418 84.084793 87.133438 90.031616 -9999 -9999 -9999 -9999 -9999 -9999 -9999 -9999 -9999 -9999 -9999 -9999 -9999 -9999 -9999 -9999 -9999 -9999 -9999 -9999 -9999 -9999 -9999
135.768661 137.426956 136.113068 138.998093 138.514938 131.61142 127.939598 123.967232 117.986 110.03141 102.547897 99.58242 99.639153 101.534981 102.13755 97.997795 94.713646 97.575447 102.038887 108.699478 114.931862 119.882477 120.159805 112.546997 105.147247 98.953453 95.288872 89.876495 82.50119 78.389374 85.49659 91.089111 93.474213 93.543152 91.968231 89.634529 88.661491 92.056396 -9999 -9999 -9999 -9999 -9999 -9999 -9999 -9999 -9999 -9999 -9999 -9999 -9999 -9999 -9999 -9999 -9999 -9999 -9999 -9999 -9999 -9999 -9999
136.977158 142.934143 142.189789 136.279938 128.006699 122.601723 117.387741 113.632362 110.019051 104.641502 101.241524 103.491547 106.519821 110.515556 108.54966 99.432831 95.987144 99.273041 103.507439 107.731293 112.496887 117.863441 115.781364 108.888268 101.86692 94.290741 89.682098 85.339424 80.176018 80.048294 88.198029 92.329941 94.894646 96.540428 96.838264 95.47422 93.75338 95.868942 96.337456 91.221107 88.424644 87.772102 -9999 -9999 -9999 -9999 -9999 -9999 -9999 -9999 -9999 -9999 -9999 -9999 -9999 -9999 -9999 -9999 -9999 -9999 -9999
