DSM_book/data/HV_dem100.asc
NCOLS 169 
NROWS 215 
XLLCORNER 334459.8 
YLLCORNER 6362590.5 
CELLSIZE 100 
NODATA_value -9999 
[rows 81 to 107 of 215, columns 61 to 121 of 169]
79.379509 76.909546 74.048492 70.00312 66.671219 70.978989 77.227333 82.461304 85.263763 86.145721 85.510017 86.522163 89.692917 96.938049 108.272964 106.423012 97.894981 97.968269 95.962639 99.305923 99.939743 94.574043 88.834366 81.581184 76.765915 73.612541 72.122658 70.197792 68.389534 68.909378 69.052872 67.348167 65.466644 63.833252 63.429615 63.566055 61.655651 60.004288 58.047783 55.138336 53.908924 55.757366 56.958752 54.713097 53.022785 52.319557 50.818707 49.651276 48.706821 48.449284 48.297108 47.081749 45.301811 43.557644 44.456326 49.92466 53.182312 55.718445 57.887554 60.338932 63.611992
82.500839 79.971077 76.120705 72.020683 68.1035 69.639595 75.591911 82.093803 89.066383 91.576149 92.732155 94.409424 98.518486 102.009529 109.345345 110.279236 106.785225 108.85878 105.992195 104.510056 98.738823 92.392876 86.056473 79.847878 78.677742 77.490463 73.488907 71.168106 71.968239 72.783188 72.731293 71.393852 70.07431 69.190384 68.137199 67.531242 65.616409 63.059807 60.056686 56.37109 54.669582 56.763855 57.717484 53.800503 50.863091 51.281418 50.404888 49.254314 48.416279 48.282726 48.364151 47.466297 45.766838 44.087215 44.648205 48.927349 51.992958 54.598042 57.018429 59.06955 61.157238
85.483788 81.945824 77.839882 73.294685 69.043915 69.397804 73.848915 79.510612 85.430336 88.805405 91.446083 94.455742 97.87075 103.425453 108.920425 109.30349 111.048233 111.414993 108.577209 103.704224 96.97393 89.825661 84.870636 81.563087 80.616943 78.637871 73.83596 73.71563 75.398392 76.257904 76.341553 75.970444 74.576706 73.111687 71.667099 70.381615 67.955696 64.394943 60.020576 56.10643 55.224747 57.656189 59.271164 54.801754 49.479111 50.118088 49.94767 48.784172 47.698433 47.329502 47.358974 46.784176 45.454212 44.199223 44.511814 48.277832 51.194981 53.8564 56.188183 57.750366 59.101231
88.994019 84.113701 78.875938 73.654297 69.794014 69.249756 71.047523 76.011589 80.7873 82.295692 84.370972 87.761887 90.633003 95.643097 98.796562 99.690353 103.576843 105.181557 100.275536 95.795929 91.299187 88.830498 84.950905 81.467987 78.824089 75.989433 75.603149 78.093887 79.475975 79.678368 79.636597 77.351997 74.482811 72.148697 70.657303 69.180122 66.500023 63.481743 59.892132 56.214092 55.89238 58.345932 60.234104 55.82093 48.666874 48.562149 48.451187 47.412689 46.546795 46.133095 45.954853 45.513935 44.59507 44.333199 44.924316 47.754791 50.801517 53.217979 54.758694 55.205173 55.587646
87.949646 82.381897 77.800674 73.249573 70.536728 70.539139 70.462914 72.955772 76.00029 77.128639 78.438583 81.08902 82.68145 86.908279 88.86837 91.448326 96.618874 100.686226 99.595512 93.422188 88.045715 85.314728 82.232635 79.66861 78.254341 78.290001 79.643997 81.091095 81.378006 80.565651 77.921364 74.060883 70.778923 66.668976 64.651192 63.045738 61.368328 60.501209 58.423279 56.199348 56.639343 58.851097 60.118946 54.636559 48.306129 47.063248 46.376263 45.416523 45.10434 44.973007 44.864651 44.644623 44.777626 45.103638 45.36866 47.07235 50.46442 52.128887 52.495522 51.924599 51.470673
84.953911 79.466156 75.417488 72.551071 72.249847 73.081444 72.700523 72.066414 73.342888 74.924179 76.581177 78.909981 81.068192 83.023407 85.770905 89.798531 96.383614 101.103813 100.706841 94.419518 88.792213 86.379333 83.409805 80.885956 80.22538 80.876221 81.756844 82.309509 81.401924 76.903412 71.15712 67.524185 62.95813 60.165825 59.344376 58.89249 58.516571 57.931751 56.936295 56.465874 57.273724 59.1689 59.44289 52.497963 48.198586 46.582012 45.378208 45.257366 45.295509 45.267071 45.279114 45.645359 46.168514 46.261932 46.22448 46.262363 48.675697 49.888351 50.00692 49.196484 49.653358
82.704834 77.929924 74.338432 73.984047 75.879616 77.597786 76.929298 74.263962 73.977699 75.071892 76.916885 80.244843 84.183815 86.834854 87.599747 89.200081 95.974701 101.268784 100.423981 95.780106 92.28463 90.236145 86.615547 82.941338 81.538857 82.035278 81.295341 80.287399 78.471519 72.47731 66.624222 62.563164 60.318939 59.676441 59.194088 58.653999 58.210472 57.633015 57.032917 57.337749 58.312355 60.441364 60.617077 53.895702 48.131714 46.591736 45.445858 45.553173 45.759644 46.018082 46.499817 47.217907 47.778801 47.764641 47.494465 46.82093 46.573883 47.052086 47.354889 48.521729 50.273159
81.648857 77.719719 74.968643 75.608414 78.683952 81.182625 80.700523 77.669556 75.776703 76.538315 77.311829 80.015366 84.959251 89.907234 91.975471 90.719818 93.990837 100.204796 101.269211 98.337387 93.102699 89.783951 85.089668 81.800522 79.504364 78.636612 75.805244 73.652596 70.112083 66.301308 64.072197 64.317818 64.989975 64.240242 62.495125 62.403591 61.083637 59.696301 58.096313 57.887913 60.00201 65.366959 66.874771 58.645092 49.379929 46.900875 45.569225 45.769337 46.211323 46.703285 47.370552 48.260315 48.955769 49.11301 49.084522 48.833553 48.002911 47.286263 47.078537 47.891579 49.393101
84.233505 78.734406 76.451096 77.199074 78.66169 82.046341 83.731094 79.849892 78.014275 79.099251 79.735054 79.030067 82.82489 89.483849 94.46608 97.442635 98.856194 99.963097 101.638161 97.381706 90.202202 86.254211 81.046371 77.814415 75.339142 72.337349 70.258858 68.866837 67.83625 67.479424 67.97258 70.929482 70.901382 69.264656 68.078384 68.224281 66.457359 62.40646 58.741951 58.913708 64.156746 70.41153 72.169754 66.396095 53.738865 47.596523 45.759121 45.994923 46.708233 47.403316 48.000618 48.693447 49.533779 50.003613 50.345325 50.262016 49.634098 48.91655 47.912628 47.457703 48.803581
84.473358 78.598206 78.138 79.601685 79.427261 81.413712 87.142532 84.295074 80.523827 82.641174 84.635696 82.221794 81.861763 87.368355 93.643791 100.1446 102.970383 102.726036 101.953468 98.862495 92.672684 85.879875 79.948029 77.681976 76.859062 75.640686 72.472092 70.184105 73.058784 73.32608 70.899193 74.153038 76.051506 72.788177 72.617744 73.484428 70.477257 64.105438 59.256313 60.196114 65.596786 70.519325 72.826965 69.830566 56.45985 48.197517 45.957428 46.419067 47.281429 48.108612 48.815853 49.110283 49.545509 50.299961 51.365665 51.547802 51.005318 50.091591 49.030926 47.976139 47.955868
84.713394 79.094131 79.691605 82.749283 83.903252 83.748512 89.768723 89.475197 86.033165 87.534637 89.756378 87.62735 85.984009 87.101845 92.493225 98.962105 102.00061 102.304062 100.715103 95.431519 88.805878 82.406181 82.294861 83.688126 82.361351 78.233765 72.593521 73.488449 79.687508 79.829659 76.4664 77.801056 81.712952 78.615494 78.903519 77.241463 71.01413 63.808884 59.54607 61.920368 67.138184 70.221809 67.723259 60.296429 51.10841 47.350441 46.290073 47.192905 48.166706 48.80302 49.659859 49.901859 49.599594 49.706882 50.885361 52.691601 52.151058 50.321651 49.438396 48.60973 47.759197
86.312386 80.620461 80.445877 85.930855 90.66143 90.47979 89.94487 95.396362 93.568321 93.174057 93.678284 91.729805 90.204636 89.126312 89.684456 91.867142 95.703308 97.829819 99.221085 95.573097 91.541527 89.722649 92.447273 91.037903 86.103073 79.796982 74.979599 80.889023 90.671463 91.067314 85.085838 85.624886 89.762726 88.262276 83.683159 76.466255 69.125809 61.819202 61.101055 68.491608 73.434746 74.320526 66.083389 56.13472 49.801151 46.536133 47.45097 48.320164 49.139339 49.404186 50.573288 50.828671 49.864761 49.612545 50.314205 52.765701 53.438484 51.055981 50.300907 50.111088 47.792229
88.187263 82.705284 81.918663 85.484123 91.023872 95.523842 96.787315 99.966164 100.0578 97.196327 92.99585 90.500938 90.921967 90.098343 85.672287 85.047928 87.799065 91.88047 97.003471 100.007706 98.882431 98.520653 98.309319 93.018692 85.20459 78.420166 78.809158 89.560608 98.778687 100.36409 95.282608 90.996513 89.493553 87.375717 82.478622 75.700348 67.2808 61.265259 62.460064 70.253433 78.595497 79.366455 69.703804 58.481995 49.767876 46.921745 48.679039 48.941864 49.22477 49.892876 51.517399 51.971466 50.317814 49.742455 49.920059 52.355476 54.920502 53.391376 52.456467 51.737553 49.127224
89.734512 85.405846 86.866432 88.485893 89.734283 95.667725 99.456963 98.322861 95.83461 92.562477 87.96563 84.169807 87.232704 87.903526 83.135284 79.868599 82.08847 87.918709 91.161484 97.288986 101.718506 101.707619 98.913086 90.892906 85.274437 81.934052 80.34623 89.554817 101.065834 101.561935 90.82325 84.311806 80.234528 77.730301 76.229378 72.902115 66.275757 63.749146 67.130363 70.597984 79.041695 81.979362 75.058144 61.130756 49.012974 47.830029 49.232899 49.178116 49.694084 51.034924 52.605495 53.531322 52.346485 51.251202 51.100967 52.838287 55.837948 55.553028 54.268749 52.294052 49.997902
92.004745 88.473663 89.511459 92.009247 90.781837 91.564072 92.69355 91.788216 89.912476 87.126175 82.325645 78.72393 80.44651 80.334007 79.257072 76.798546 78.342125 81.203667 84.234657 91.246628 96.929695 100.588112 99.791786 94.427811 93.605064 87.891907 85.831757 89.102829 101.128853 104.983421 91.625099 81.953743 77.029655 73.077568 70.389687 68.575478 65.863945 67.827118 72.995972 75.321869 78.530045 81.468933 76.835144 64.132118 47.16201 49.388596 50.181595 50.037521 50.685097 51.681461 53.297874 54.802109 54.7817 54.25518 54.630257 54.749763 56.731396 56.943844 55.646145 53.559288 50.953548
95.904144 92.714706 93.231133 95.338112 92.534142 88.26561 86.019592 85.406563 84.197388 81.508987 77.721069 75.038231 74.800697 74.81916 74.689682 73.846428 74.84285 76.813118 79.2509 83.220535 87.518646 92.908127 97.701187 101.070557 99.494995 93.453522 95.003639 99.273552 104.236336 109.977966 97.587997 87.091202 80.005081 74.679985 72.145531 69.79142 68.449135 72.800453 78.174469 81.30706 81.01062 77.840408 71.736351 52.866062 46.507706 47.966961 49.600925 50.200245 51.028881 52.360138 53.57716 54.974209 56.301743 56.873821 57.744289 57.56255 58.224861 58.501499 57.650379 55.783604 53.628414
99.595734 99.064552 99.163261 98.483192 93.428825 88.146019 83.455627 80.48912 79.480721 77.139137 74.421455 73.678925 73.025307 72.493286 71.920334 71.259262 71.113129 73.494576 76.097786 77.594131 80.172882 83.536964 88.795753 95.215515 100.300835 101.71769 103.168922 111.607071 115.191925 109.469048 104.002708 93.939507 86.369217 82.889923 76.572365 70.416702 72.587234 79.205978 81.55455 82.575424 82.081833 69.707489 56.318382 48.468849 47.090614 47.149506 47.828548 49.347546 50.356594 50.994129 51.725498 53.351135 55.768333 57.843075 59.149605 59.743092 59.964409 60.091503 59.589787 57.532146 54.925686
100.564789 99.568901 98.327126 97.797096 93.486496 88.813728 84.453972 80.695168 77.254242 75.631897 75.306221 75.008568 74.370392 73.689514 73.101112 71.172203 69.78231 71.36821 73.113541 74.047539 76.257889 78.113884 80.886513 85.719925 91.943901 101.52877 112.741035 119.353477 115.101433 102.217018 99.254044 98.964195 94.176781 87.572617 76.547104 73.945244 78.74408 80.874809 80.645576 76.156387 75.929581 69.979301 55.040947 49.986359 49.034176 48.478672 47.511261 47.835442 48.683983 48.442825 48.872803 51.143856 54.345654 57.490685 59.752628 60.560291 60.918743 60.923584 60.379677 58.690578 56.049976
100.310379 96.381218 92.597137 91.526154 90.274857 87.488007 84.088181 80.781631 77.5597 76.368248 76.872643 76.873863 76.263809 75.766685 75.508965 72.570885 69.973732 68.920433 70.285927 71.844238 73.264679 73.640297 75.060059 77.707672 82.455818 92.782776 103.920013 105.42556 109.604073 102.764992 94.630875 90.481285 88.732346 82.632576 77.049423 82.41053 85.558418 78.088303 72.168854 66.747963 64.444778 60.449802 55.61729 52.679901 50.755196 49.954445 48.523075 48.676109 50.645306 50.101482 48.111408 49.833195 54.290478 58.350571 60.338505 61.241127 61.749653 61.689518 60.95216 59.645123 57.401947
100.363747 97.00058 91.352982 88.89682 87.014191 85.254318 82.713234 80.04557 78.251846 77.287849 77.83168 78.215622 78.285202 78.533592 78.349274 75.397415 72.982918 70.10038 67.525795 67.789185 69.563446 69.379974 70.058022 72.479721 77.253525 84.729973 92.373291 89.988785 97.145096 103.179207 100.615845 92.797195 85.296326 81.388908 84.257278 89.071823 83.261208 72.549446 64.3536 60.533604 58.395603 57.657944 56.40274 53.954536 50.851189 49.811943 48.730644 49.495995 50.998421 50.981197 48.688637 49.825264 55.157188 59.575081 61.014011 61.965946 62.587646 62.405182 61.52623 60.326145 58.37994
101.419495 98.752197 93.864952 89.863869 86.843109 84.759232 82.011513 79.699524 78.182953 78.027817 78.860115 79.681541 81.048225 82.495163 82.521667 80.574699 78.729317 74.186562 70.630585 67.894402 66.187439 66.414642 66.9235 68.797981 71.963867 78.028351 85.914841 81.339363 82.539642 90.989548 98.082802 95.933044 89.225479 87.314705 89.331436 89.821686 79.153587 68.934669 61.597118 58.040215 56.729729 55.140503 53.992054 53.28706 51.588863 49.636631 49.226986 50.154392 51.001133 50.666397 48.734585 50.710022 55.854187 60.088108 61.571541 62.688087 63.445999 63.113297 62.048859 60.684551 58.741035
101.676003 99.261292 94.889404 90.904762 87.818771 85.089691 82.229927 79.952255 79.335518 79.00325 80.796188 83.281517 85.456276 87.799255 88.611961 86.259956 81.852722 78.111702 74.608612 70.773842 68.145844 65.195274 64.538338 65.272095 67.697464 72.795044 80.022926 80.333786 75.573242 78.383499 84.486763 84.381516 76.075371 73.841133 77.955048 82.090858 72.490463 63.272316 57.445644 55.770943 55.132317 53.506954 51.005478 50.59787 50.249664 49.485275 49.657413 50.329109 50.584343 49.324196 48.394897 50.708828 55.483761 60.464027 61.967079 63.237991 64.321274 63.961758 62.309002 60.355038 59.204258
99.935928 97.031242 92.61586 89.473366 86.967522 84.655014 81.744957 80.119377 79.906418 81.66349 86.49984 88.548637 89.420609 91.948044 91.623909 88.558159 84.555977 80.751694 76.773331 73.072662 69.757332 66.76062 64.845985 63.453434 63.45657 67.686821 73.647842 77.435577 73.432411 71.114075 75.083977 75.661583 69.738945 65.195328 64.477638 64.419609 60.039898 56.478653 54.217541 53.750351 53.563663 52.361862 50.61327 50.212994 50.265137 49.793415 49.90221 50.3139 50.320065 48.710396 49.629391 49.522171 52.797047 60.244751 61.896057 63.350319 64.861206 65.22525 63.514946 61.136078 61.183968
95.243309 92.808525 89.790619 87.75705 85.688347 84.356056 82.30146 81.217407 83.558647 88.511307 92.696587 93.82296 94.581245 94.621849 90.634544 87.365959 84.290413 81.338181 77.542938 73.210289 69.64624 67.886574 65.647194 63.798103 62.459023 64.327362 68.48278 71.713181 71.897171 67.726807 67.362724 68.096985 64.752335 60.100578 58.568707 57.204624 55.75177 54.491135 53.46492 52.934509 52.415318 51.613834 50.94154 51.377827 51.217842 50.09198 49.927784 50.173618 50.047508 48.528492 49.381981 50.114243 50.911224 57.828484 61.409683 62.873978 64.578476 65.957794 65.947289 64.125656 63.909958
93.619514 89.75222 88.118538 86.755951 85.300682 84.247749 83.090813 83.429108 87.884079 93.051109 96.960693 98.823532 99.176941 95.803482 89.434067 83.863014 80.204453 79.29731 76.924217 73.12323 69.80703 67.903198 66.339348 64.537254 62.109131 61.85788 64.377098 67.316223 68.454849 66.367302 63.39016 62.567055 60.059715 57.954529 56.934116 56.087463 55.0797 54.210373 53.309292 52.562649 51.87291 51.491879 52.049831 53.033493 51.10183 49.954193 49.930351 50.075325 50.267273 48.922966 48.627827 49.916977 50.088352 53.127022 60.547565 62.438213 63.605534 65.041008 66.77655 67.467308 67.117004
95.776764 89.624046 87.843994 86.587372 85.314102 85.1567 86.427902 86.98819 88.610992 93.720078 99.369354 101.788055 101.520042 98.403496 92.73468 86.748131 80.663338 76.884224 74.534035 72.03183 69.364616 67.811951 66.415344 64.490669 62.340252 60.672161 61.140076 63.328854 64.13018 63.815857 61.307438 59.926834 58.488419 57.103313 56.079227 55.182648 54.2537 53.539352 53.032242 52.506737 52.500446 52.790932 53.93692 54.392601 52.412796 50.608322 50.016899 50.093754 50.019436 49.055492 48.699898 50.334 51.183823 51.221939 57.090919 61.066227 61.839409 62.855957 64.866074 66.80468 68.903893
93.401031 88.957794 87.775528 86.599358 86.51474 87.902451 89.623055 90.791504 89.789665 93.174255 99.211418 102.625267 102.954483 100.860771 94.996391 88.185547 81.300934 77.930489 75.053116 72.182434 69.464417 67.572701 65.813965 63.857838 62.330124 60.600605 60.024448 61.01318 61.499283 60.906784 59.666523 58.720661 57.85146 56.553497 55.418457 54.449245 53.332077 52.836262 52.822609 54.168591 55.477909 55.897625 56.198948 54.854565 52.460712 50.356934 50.071682 50.037178 49.13361 48.329067 49.448555 50.826534 52.568108 54.137398 56.714027 59.175766 59.81863 60.521805 61.78804 63.831917 67.86647
